% -------------------------------------------------------------------
%  Generated by MATLAB on 11-Oct-2023 23:23:09
%  MATLAB version: 9.13.0.2193358 (R2022b) Update 5
% -------------------------------------------------------------------
                                              

bestChromosome = [1 1 5 4 3 1 3 5 3 1 2 3];
