% -------------------------------------------------------------------
%  Generated by MATLAB on 9-Oct-2023 02:35:58
%  MATLAB version: 9.13.0.2193358 (R2022b) Update 5
% -------------------------------------------------------------------
                                       

bestPathFound = [1 5 18 26 25 32 50 29 47 30 49 37 40 44 39 27 45 38 33 48 28 46 ...
        34 42 36 8 16 21 19 7 14 22 17 24 23 9 10 13 15 6 12 2 4 20 11 ...
        3 41 35 43 31];

